87
88
88
66
65
99
98
44
55
99
97
99
87
99
99
76
88
99
55
95
55
65
97
96
77
77
77
85
66
99
75
97
99
84
99
99
88
66
65
88
77
66
93
98
88
99
99
86
85
96
98
77
66
76
99
99
98
99
55
99
98
94
74
97
87
87
99
65
99
77
99
94
88
65
97
88
76
98
66
96
86
96
66
65
99
95
55
99
89
88
89
94
99
77
66
88
99
87
98
98
99
55
98
99
66
98
85
66
77
89
99
98
97
99
98
64
77
77
88
65
64
76
88
75
75
94
77
55
97
89
66
85
88
77
76
77
87
89
99
87
99
77
96
98
66
77
99
99
66
88
84
65
98
88
99
99
87
98
98
99
86
76
84
98
99
88
87
99
99
97
99
76
99
88
99
44
99
99
97
88
88
98
84
99
77
94
88
98
99
97
88
54
98
99
55
99
88
77
67
77
17187
